---- New test begins5.548455953598
6.0653569698334
6.5325000286102
6.4151949882507
6.6822431087494
7.0316128730774
6.9357450008392
7.1989991664886
8.5644769668579
10.204346895218
11.205648183823
14.571074962616
8.0045788288116
17.302145004272
11.738169193268
20.950785160065
13.92082285881
15.640215873718
16.995719909668
10.917454004288
16.586803913116
4.6171219348907
9.9500031471252
24.937524795532
10.632965087891
18.987637042999
18.335082054138
8.9495849609375
18.369631052017
19.703496932983
20.251735210419
11.330658197403
21.887145996094
21.120939016342
21.617013931274
20.312700986862
21.554548025131
16.301628828049
20.905106067657
21.240432977676
19.420678853989
19.187249898911
15.515524148941
11.866739988327
22.40375995636
21.785661935806
22.15505695343
20.453731060028
20.337223052979
22.254600048065
9.7186391353607
13.116870880127
5.1003189086914
22.408658027649
21.302954912186
15.266069889069
6.8825261592865
16.847984075546
13.601346969604
28.174968004227
27.05407500267
11.348888874054
23.232778072357
18.863408088684
11.083885908127
30.672338008881
12.020874023438
7.8008270263672
26.561295986176
19.000758886337
14.651006937027
14.1828520298
19.433878898621
18.815920114517
18.234862089157
18.233573198318
18.217672109604
18.233042955399
18.317350149155
17.084059000015
---- New test begins5.7331581115723
6.1170570850372
6.2334589958191
6.2833020687103
8.5669658184052
9.2002859115601
9.8502159118652
10.700810909271
5.2517108917236
6.2168419361115
6.8832740783691
6.8004488945007
6.8004229068756
7.251207113266
7.466756105423
7.584538936615
6.8836970329285
8.1510899066925
8.2505869865417
5.6326589584351
9.3170258998871
9.150799036026
8.9181489944458
5.9998068809509
9.851175069809
10.200579881668
10.183298826218
5.6015019416809
10.483918190002
10.666745901108
7.850191116333
6.5501961708069
5.7826600074768
8.5671861171722
6.3007621765137
12.933789014816
7.8671379089355
6.9504771232605
6.3339729309082
8.3502471446991
7.3334801197052
6.40025806427
7.8503160476685
7.6168830394745
6.2002971172333
7.6017470359802
7.8506400585175
6.283732175827
5.8488399982452
6.6668400764465
7.7669880390167
7.4338130950928
7.8669600486755
8.5836160182953
7.8829929828644
8.5675621032715
8.1665179729462
7.0334548950195
6.2834260463715
10.650584220886
10.116811037064
9.0837349891663
8.2497928142548
8.1331548690796
5.7673468589783
8.5667779445648
6.7508909702301
7.8501119613647
7.0664238929749
6.816642999649
6.06804895401
10.331637859344
6.7327799797058
10.333412885666
10.3495221138
9.7320079803467
8.1001439094543
10.316792011261
10.300261974335
11.783668041229
11.449320077896
7.5999610424042
5.6661560535431
9.850114107132
7.3320729732513
11.383700847626
10.033336877823
10.618056058884
9.9664659500122
9.8670561313629
9.7338099479675
7.4673500061035
7.8171339035034
10.500212907791
10.116923093796
9.3496661186218
9.0664529800415
8.3496029376984
8.5500431060791
11.783132791519
8.5338070392609
11.216669082642
11.366958856583
11.150639057159
9.1333839893341
11.234535932541
9.6329209804535
8.2508749961853
7.4323151111603
11.231731891632
12.715173959732
9.9165029525757
8.9334950447083
9.4324789047241
7.1836431026459
6.1507179737091
10.199559926987
9.8821949958801
7.1333160400391
9.8168790340424
12.001178026199
9.9000651836395
9.0507559776306
11.716820955276
10.782562017441
9.2997770309448
10.116776943207
9.1171171665192
8.4179239273071
6.5835118293762
6.0501909255981
9.5667078495026
10.483164072037
10.451324939728
8.6835939884186
9.5665609836578
8.9168810844421
12.033299922943
11.21683382988
11.166566133499
12.033507823944
9.550173997879
10.133058071136
9.5662271976471
9.7663779258728
8.6502540111542
9.4002909660339
8.6165969371796
6.9335329532623
6.6336879730225
10.333575963974
12.033147096634
8.4670789241791
11.883599042892
11.915303230286
9.4330871105194
8.4654970169067
8.383553981781
10.316530942917
9.1839299201965
7.5167291164398
9.8668019771576
8.5833179950714
8.4001269340515
8.4003889560699
8.6001079082489
8.1334838867188
6.1173098087311
7.9335298538208
9.5834140777588
8.4666421413422
11.716937065125
10.116811990738
8.5014278888702
8.0505228042603
8.4329090118408
11.133867025375
9.1842229366302
11.016669988632
11.03332400322
12.948668003082
12.08405995369
10.749955177307
9.3501071929932
11.483551979065
12.234673976898
12.082286119461
5.6668789386749
7.6669139862061
9.4514098167419
11.46684885025
9.0334289073944
12.032937049866
10.533526182175
11.265402078629
10.700055122375
10.433948040009
5.5180070400238
10.183449029922
10.132797002792
10.06685090065
8.9168128967285
9.5168380737305
10.81735086441
10.500175952911
8.250293970108
12.950891971588
12.232851982117
11.584156990051
10.850578069687
10.466912984848
12.666905879974
11.433643102646
12.132234811783
11.383482933044
12.600169181824
10.733790874481
10.500061035156
10.733402013779
5.3661839962006
6.9000198841095
11.383615016937
11.1329600811
7.8500080108643
11.383512020111
11.199795007706
7.8014159202576
10.116799116135
9.5002598762512
11.383496999741
7.6001179218292
11.335296154022
7.6001479625702
7.6168580055237
13.200063943863
13.200376987457
9.2842979431152
12.783601999283
12.867293119431
12.832900047302
7.6170527935028
7.8498890399933
12.633864164352
7.5835480690002
6.5332219600677
5.7333929538727
12.650310993195
12.950402021408
12.117297887802
8.8323829174042
12.949069023132
8.3501751422882
12.649150133133
8.3335690498352
12.467022895813
12.266978979111
12.950363874435
12.416846990585
11.61687207222
12.466982841492
6.9668219089508
8.1501200199127
6.7344219684601
5.1500020027161
7.5820920467377
8.6836860179901
8.1670949459076
6.1319711208344
6.282329082489
12.71683883667
6.641804933548
7.949599981308
12.133644104004
7.1335620880127
11.950129032135
6.7341768741608
8.4834940433502
7.7668781280518
7.2501308917999
11.383766889572
6.9505109786987
10.882599115372
11.016549825668
11.800317049026
8.9497570991516
9.5839400291443
7.6661200523376
6.350753068924
7.6168990135193
10.333412885666
6.2502088546753
6.4170110225677
9.5502760410309
9.4498100280762
7.017215013504
6.2850670814514
7.383120059967
7.0332198143005
9.6328949928284
9.0003049373627
8.1334969997406
8.000953912735
12.78341794014
9.4340920448303
8.0178899765015
12.700747966766
8.6836669445038
9.1986298561096
9.1664159297943
12.118458986282
7.0169780254364
12.133763790131
5.9327960014343
11.200348854065
12.483721971512
10.783577919006
11.633829116821
11.034227132797
11.317161083221
8.4665479660034
11.450100898743
10.515978813171
8.9345688819885
11.049591064453
4.9174737930298
9.9830889701843
8.3513929843903
8.4317581653595
7.7179849147797
9.7002489566803
11.183576822281
6.2166979312897
10.650480985641
6.2167751789093
10.366903066635
9.3835959434509
9.3999769687653
8.733558177948
11.216988801956
6.0333850383759
8.0510230064392
11.900228977203
10.515891075134
10.316567182541
10.816843986511
7.3001201152802
10.117689847946
10.100379943848
9.6668989658356
7.1837210655212
11.065577030182
11.050236940384
11.000270843506
11.232544898987
13.200242042542
10.650293111801
11.017021179199
9.8998999595642
7.3333129882812
7.1501319408417
7.6167531013489
4.6170310974121
10.483942985535
9.6836061477661
7.6833372116089
4.75026512146
7.9667398929596
7.3172829151154
6.801283121109
5.9005839824677
9.5501480102539
6.6681849956512
7.4175589084625
6.6334898471832
8.2836430072784
7.4667980670929
11.383664131165
5.582859992981
10.283982038498
7.2507832050323
6.4332721233368
6.7336280345917
10.000279903412
8.5016179084778
7.3991250991821
11.450408935547
9.1336078643799
8.6500709056854
5.9336659908295
8.3337650299072
12.451756000519
12.684140920639
11.234881877899
8.0005121231079
6.049880027771
12.0279109478
11.834246873856
11.833344221115
10.467953920364
5.7341349124908
12.700244903564
9.7003600597382
11.883787870407
6.6670889854431
13.300227880478
8.5838119983673
6.2674050331116
7.0174639225006
8.0502560138702
6.4504339694977
10.650820970535
8.0683450698853
10.482571125031
11.383929014206
9.0838730335236
11.299913167953
11.269145965576
10.951112031937
10.217240095139
12.017180919647
7.1006841659546
7.1335089206696
6.9507620334625
10.351754903793
12.23391699791
12.250830888748
9.0668120384216
9.6998560428619
7.8690190315247
11.233772993088
5.6355540752411
9.3671190738678
8.1174039840698
7.5678641796112
12.9504570961
12.484315872192
10.484376907349
12.517286777496
9.666953086853
11.516824007034
11.583598852158
9.5502319335938
5.9499070644379
10.334482908249
8.2502470016479
9.3001270294189
10.817008972168
11.433716058731
7.9667499065399
7.0501110553741
10.166755914688
11.016730070114
8.8162670135498
8.933501958847
9.067615032196
7.800145149231
5.8997738361359
6.5329220294952
8.4666678905487
5.767737865448
62.917479038239
8.4670069217682
9.1823151111603
46.967140197754
8.3488450050354
13.216984033585
50.950417995453
57.284090995789
56.883862018585
13.250205039978
34.983812093735
42.516726970673
10.016413927078
8.5999488830566
31.300431013107
52.53352189064
49.550227880478
44.183979034424
51.433897972107
35.817179918289
44.317265033722
65.26707816124
18.717860937119
65.050312995911
32.733976125717
42.30041718483
41.183885097504
43.250042915344
41.152400970459
35.867183923721
46.283723115921
35.783878087997
26.70037317276
59.133754968643
41.61688709259
51.333842039108
41.850686073303
41.76712012291
34.3500020504
42.233806848526
47.650302886963
34.933559179306
43.050420999527
67.270640134811
44.966897964478
59.183785200119
57.234043121338
25.433667898178
12.599390983582
24.499500989914
34.800343990326
25.501448154449
20.100311040878
13.465553045273
13.416051149368
13.350035905838
36.184208154678
43.599984169006
16.017548799515
33.31854891777
35.700587034225
45.100487947464
52.916934013367
52.501408815384
32.617233037949
43.900747060776
35.333330869675
61.784204006195
57.601164102554
11.216698884964
16.149307012558
22.918208837509
55.684108972549
53.534039974213
70.250855922699
51.516849040985
40.400830030441
26.767554998398
50.500144958496
35.16685795784
47.033840894699
11.516859054565
14.117321014404
70.717133045197
47.217130899429
55.167232036591
63.583970069885
59.784137010574
57.284362077713
55.934131145477
52.100227117538
47.117196083069
71.667479991913
22.350296974182
17.101279973984
8.0167229175568
65.667442083359
19.150234937668
59.134412050247
66.884446144104
62.800480127335
58.94996881485
56.900521039963
10.15025305748
61.60054898262
58.450767993927
7.8001039028168
6.8496928215027
56.53386592865
55.650531053543
55.233732938766
67.033829927444
54.267045021057
67.18407702446
50.384357213974
57.91739988327
50.382659912109
59.733773946762
56.017271995544
61.682584047318
55.949745178223
60.233762025833
59.71776008606
60.201790094376
53.418664932251
53.517439126968
59.031550884247
53.084079027176
52.883723020554
50.883795022964
6.5674419403076
38.7338950634
53.166598081589
37.400468111038
53.101691961288
37.433741807938
53.482810020447
56.033123970032
42.284538984299
59.034024953842
53.051535844803
53.033950090408
53.083913087845
50.418476104736
49.450685977936
49.90060710907
45.000679969788
57.901193857193
43.884858131409
48.733834981918
39.4003469944
39.483775854111
39.716954946518
55.700257062912
41.700423955917
41.350694894791
45.117428064346
39.483788013458
53.250800848007
48.417902946472
45.117681980133
58.283894062042
59.73394203186
53.70060801506
57.134858846664
56.949491977692
39.316883802414
60.100933074951
34.950515031815
24.21683216095
43.099864959717
69.633280992508
67.850283145905
65.2673869133
63.684298992157
56.216948032379
55.800304889679
63.183974027634
37.266483068466
53.367187023163
35.883119106293
63.151339054108
49.899821996689
62.784095048904
54.600766897202
35.617300987244
7.249922990799
54.316414833069
39.067161083221
35.41711807251
61.850646018982
32.917256116867
61.700642108917
50.817192077637
60.100532054901
50.200765132904
49.967840194702
37.200574874878
33.184085130692
58.501822948456
30.400783061981
48.117166042328
44.533913135529
27.668459177017
47.950045108795
64.833687067032
44.916742086411
42.53421998024
36.668360948563
48.417249202728
30.882786035538
30.834309101105
38.150338172913
35.215977907181
25.183567047119
25.332775831223
49.383240222931
22.60071516037
30.666733026505
15.367013931274
26.466789007187
26.63480591774
60.049432039261
57.40020108223
60.617869853973
54.534353971481
22.766905784607
44.681874036789
54.767393112183
43.466816902161
43.617187023163
43.550318002701
38.200791120529
52.816876888275
41.433740139008
46.683699131012
40.133833885193
47.118551969528
14.217027902603
48.333786010742
32.267009019852
12.283864974976
29.100512981415
23.117931127548
22.565822124481
48.900313138962
35.883152008057
19.633276939392
45.834407806396
43.717860937119
29.868151903152
17.751150131226
43.667203903198
35.765835046768
28.967243909836
40.93377995491
16.083579063416
44.000635147095
34.583279132843
59.666064023972
26.900002002716
33.901067018509
36.800490856171
33.384232997894
49.450371026993
4.9001610279083
17.733763933182
15.883462905884
39.300556898117
10.299915075302
36.717034816742
46.633853912354
29.150331020355
27.600093126297
25.916956186295
23.60072016716
23.583692073822
15.683557033539
6.3502218723297
17.716746091843
16.567305088043
17.400012016296
17.116907119751
14.450440168381
7.9007480144501
15.316577911377
19.800728082657
10.583404064178
15.316344976425
9.1001901626587
14.232260942459
10.182487010956
10.166862010956
10.051098108292
9.8157680034637
15.417568206787
13.115741014481
11.88337802887
10.750533819199
12.167171955109
10.750845909119
9.9008650779724
11.617302894592
12.46733212471
14.651330947876
7.7165989875793
14.616923093796
12.033731937408
11.600742101669
9.433525800705
13.484310865402
17.416467189789
13.300833940506
14.483607053757
17.433744192123
16.600464820862
11.700736999512
16.449501991272
13.983999967575
11.650662899017
13.96732211113
12.11838388443
14.850363016129
14.033682823181
8.7001450061798
16.416966199875
16.666806936264
17.366205215454
15.50048995018
17.133475065231
17.151237010956
15.749607086182
19.048990011215
19.017195940018
7.1664628982544
16.850139141083
9.3666470050812
12.31640791893
17.183110952377
9.0991518497467
16.551748991013
19.300354003906
19.800570011139
17.950413942337
16.283051967621
11.733875989914
11.549911975861
11.682312965393
14.867537021637
9.517450094223
16.5678191185
8.6341769695282
9.2668960094452
17.633890867233
19.433403968811
19.083899974823
9.9005229473114
13.117824077606
15.815756797791
16.184835195541
19.433470010757
18.498785972595
17.167519807816
64.851738929749
57.817424058914
57.484019994736
9.6163041591644
67.833555936813
59.8010160923
62.634181022644
66.616839885712
58.550982952118
49.267550945282
61.617864847183
64.10160112381
69.350619077682
68.001368999481
55.284080982208
44.917333126068
67.40127491951
70.717505931854
61.434129953384
67.900374889374
70.700527906418
64.534917116165
70.668096065521
68.650414943695
42.817797899246
56.350585222244
69.716499090195
39.600224018097
60.833564996719
61.016346931458
49.283030033112
61.050832033157
45.800667047501
70.517779827118
60.484185934067
43.367653131485
70.084161043167
36.801170825958
71.050738811493
66.734400987625
65.61795592308
70.119075059891
62.350739955902
60.917730093002
70.550816059113
59.101457834244
70.132987976074
58.73455286026
72.6506960392
59.099863052368
65.734069108963
56.384071111679
54.717751026154
64.950872898102
63.500862121582
58.749591827393
55.083930969238
53.100399971008
52.917042016983
63.68351984024
61.967943906784
57.269137859344
60.250360012054
61.017328023911
54.600206136703
71.617186784744
62.683809995651
54.634323120117
49.950990915298
53.600739002228
70.599869966507
60.400697946548
60.067146062851
53.168446063995
49.685104846954
59.668059825897
53.500782012939
62.233938932419
49.667136907578
50.034617900848
58.18398809433
47.833214044571
52.718639135361
71.584108829498
49.667639017105
57.867593050003
51.117702960968
63.350558042526
48.617238044739
57.850872993469
62.384589910507
47.100822925568
62.383687019348
58.634411096573
54.367386102676
61.067234039307
60.767217874527
48.750800132751
64.367696046829
56.701467990875
54.151630878448
53.633952140808
47.634701967239
69.649560928345
53.200381994247
52.684114933014
65.883676052094
52.683500051498
53.167406082153
49.734802961349
45.700398921967
53.049386978149
42.06755399704
53.600708007812
69.41753911972
63.634016036987
61.616830825806
69.26730799675
53.25083398819
52.234601020813
50.401588201523
68.019394874573
41.653337001801
52.317632913589
52.716950893402
63.001129150391
64.317076206207
41.51780295372
37.000498056412
63.019289970398
59.786375045776
38.600625038147
61.734144926071
53.41727399826
50.415773153305
59.349591970444
61.467307806015
52.81760597229
59.383913040161
51.933965921402
51.05118393898
29.301475048065
62.750514030457
50.684415817261
55.800679922104
51.867076158524
49.934108018875
63.583835840225
59.184115886688
28.33447098732
24.90124797821
61.351399898529
50.517519950867
50.600760936737
49.650932073593
41.08393907547
53.517673015594
47.799913883209
54.349850893021
53.283851146698
53.251168966293
59.651802778244
22.400481939316
54.134404182434
52.901026964188
48.701592922211
53.050359010696
51.984342098236
48.517538070679
52.950787067413
51.18439912796
48.434001207352
48.500373840332
51.001020908356
52.41761803627
33.733927965164
51.282778024673
50.418060064316
52.567008018494
51.768043994904
49.618005037308
31.851927995682
50.501554012299
49.217554807663
51.500988006592
50.900830984116
46.967490911484
47.550616025925
50.534047842026
49.283522844315
36.617820978165
16.134576797485
48.434919834137
6.3681108951569
46.900452136993
47.183439970016
46.450518846512
51.767466783524
53.934865951538
32.034898042679
53.567967891693
49.38526892662
43.983850955963
53.832751989365
40.617264986038
40.700271129608
50.832390069962
53.667816162109
40.283691883087
34.750540971756
51.65190911293
49.702156066895
43.769200086594
26.61892914772
49.285469055176
32.285444021225
23.852379083633
51.350939035416
43.250863790512
31.844141960144
49.267775058746
38.633887052536
24.751168966293
48.567451953888
49.167440891266
37.200886964798
32.26763510704
48.550737142563
62.867232084274
51.135273933411
36.450577974319
10.633527994156
46.617657899857
49.599828958511
49.73473405838
37.833210945129
49.13444018364
62.150899887085
14.965927839279
59.517520904541
57.400491952896
49.417424917221
49.384407997131
20.250915050507
10.933486938477
45.000378131866
47.051009893417
50.21636390686
56.284137964249
39.500244855881
21.517506837845
44.649826049805
56.334273815155
48.185104131699
44.486567020416
47.350584983826
38.650187015533
6.066045999527
18.683943033218
7.6170239448547
43.600506067276
44.132693052292
6.5670619010925
33.501918077469
49.867459058762
49.88442492485
5.0337889194489
39.666829824448
65.067269086838
64.867410898209
47.366739988327
61.950719118118
5.8328521251678
61.917346954346
7.250207901001
5.9672789573669
57.968672037125
52.967808961868
6.4003810882568
46.23313999176
6.0181350708008
60.784126996994
5.817323923111
6.066477060318
39.60060095787
55.635003089905
55.217729091644
51.951009988785
4.6500201225281
51.667623996735
51.634093999863
47.684144973755
7.1824569702148
6.0001690387726
7.5999810695648
6.3502869606018
6.2670910358429
6.5340549945831
7.1847019195557
5.1007940769196
5.0826981067657
8.933867931366
8.1496851444244
6.5336329936981
10.816838979721
8.0174369812012
35.250650882721
11.48354101181
7.7668979167938
7.7668759822845
7.3505849838257
6.9835519790649
6.666491985321
6.3833868503571
6.3988969326019
8.8003690242767
8.0670709609985
7.8493769168854
6.6168849468231
6.632287979126
8.066841840744
6.8003489971161
7.7002530097961
6.815407037735
5.867931842804
6.499988079071
9.3001039028168
8.7995610237122
7.3506531715393
7.333046913147
6.6329040527344
10.483114957809
7.8501200675964
10.017090082169
10.250331878662
8.9507169723511
7.7662758827209
9.2665600776672
8.8330509662628
8.1834149360657
7.80011510849
9.3164148330688
8.7332649230957
8.7337260246277
8.550478219986
10.833693027496
9.5668849945068
9.4171738624573
9.667142868042
12.466882944107
9.4012289047241
10.949929952621
9.1997730731964
8.8168771266937
9.999969959259
11.015891075134
8.6666989326477
7.2505350112915
7.5657877922058
11.049464941025
8.9168329238892
10.999764204025
8.9669489860535
9.3165948390961
9.0332129001617
10.31591796875
9.4001820087433
10.350283145905
9.4998939037323
9.5842759609222
9.2007479667664
10.233080863953
8.667366027832
10.167824029922
10.233736991882
10.200194120407
12.699178934097
12.466547012329
11.517223119736
12.333889961243
11.600524187088
11.933562994003
11.333036899567
11.283528089523
8.717353105545
11.616989850998
11.43385887146
11.383772134781
11.900269031525
9.8662559986115
11.015461921692
13.000262022018
10.383633136749
8.9167399406433
11.166853904724
10.816321134567
10.850235939026
10.58349609375
10.300024032593
10.433153152466
9.6006031036377
10.30043888092
12.266010046005
12.033478021622
10.817512989044
5.0505001544952
13.233743906021
10.817843914032
12.832000017166
10.848882913589
12.883861064911
10.000977993011
12.25176692009
12.133330106735
11.816751003265
11.715830087662
11.050805091858
10.667341947556
9.1658861637115
11.799556016922
8.6836519241333
12.766994953156
11.917032957077
12.483414888382
10.933852910995
11.600831985474
12.334353208542
10.733489990234
10.433835983276
12.684121131897
10.783613920212
12.599452018738
12.600556135178
12.400614023209
12.650109052658
12.184238910675
10.567103862762
11.883691072464
12.23343706131
10.483376026154
10.983635902405
11.466881990433
10.766836881638
12.749862909317
10.049592971802
11.266405105591
10.701295852661
12.266803026199
11.167171001434
9.7841949462891
9.1333830356598
11.367921113968
12.249913930893
12.183219909668
13.200352191925
12.88395690918
11.999324083328
12.833423137665
11.849886894226
10.766918897629
9.54993891716
9.3839240074158
12.70126414299
12.00138092041
7.7833499908447
11.449820041656
7.0997910499573
13.498543977737
12.51699590683
11.733860969543
11.084327220917
7.4344830513
12.000134944916
6.3832080364227
12.799962997437
10.116955041885
10.316509008408
8.8670289516449
8.6839420795441
10.816575050354
12.816534996033
8.650050163269
9.8502249717712
12.450306892395
10.484928846359
9.2831430435181
8.9168801307678
8.2671141624451
8.3668520450592
5.7834820747375
8.2509331703186
8.9500629901886
7.40003490448
8.8505249023438
7.632994890213
6.4501581192017
10.667459011078
5.8508579730988
5.9334719181061
5.9667840003967
8.2503490447998
9.0004210472107
8.916393995285
5.7007598876953
7.3668730258942
8.3826179504395
6.8165040016174
9.1666469573975
9.1840469837189
6.1330621242523
8.6837849617004
7.250314950943
5.8002200126648
8.8167560100555
9.0501840114594
9.0989699363708
7.4182391166687
9.0325121879578
9.1016018390656
12.983448028564
6.7000250816345
8.3505990505219
8.3665299415588
8.0837159156799
12.716573953629
7.666934967041
9.9172070026398
8.5840010643005
8.6167330741882
12.449788808823
7.8505210876465
12.182575941086
10.89995598793
8.5656080245972
7.9667711257935
7.5834381580353
7.7176818847656
7.7505619525909
7.5835380554199
7.4669790267944
7.483922958374
11.383371829987
6.6676759719849
11.400140047073
8.718034029007
9.3492529392242
7.9834020137787
6.4000978469849
7.5003519058228
7.717493057251
7.500205039978
4.8501341342926
7.5006539821625
9.7334439754486
11.017865896225
8.8840980529785
7.9501988887787
8.416435956955
8.1165220737457
7.3341410160065
11.600215911865
11.634223222733
10.151350975037
10.00040602684
7.9500188827515
12.699895858765
12.717413902283
7.4184639453888
11.515945911407
12.333970069885
12.466488838196
10.966800928116
11.300221920013
11.065644979477
10.100244998932
8.6838269233704
11.20067191124
10.615437984467
9.1660130023956
11.000149011612
10.850131034851
8.4834980964661
10.816497087479
9.1670961380005
11.384213924408
9.1004018783569
8.1505959033966
11.01668715477
11.050492048264
10.617120027542
9.5669679641724
10.817071199417
10.267099142075
11.3829870224
4.8840229511261
11.435221910477
6.76722407341
11.500385046005
12.000821113586
6.2834041118622
9.5842428207397
11.801176071167
9.6168189048767
10.017690896988
5.7503299713135
12.95005607605
12.949460029602
12.71768784523
12.633765935898
12.499881029129
9.2836790084839
12.183482885361
9.2836930751801
10.950294017792
11.267886161804
11.417941093445
11.86731004715
11.000854969025
8.9173491001129
9.4337759017944
7.183079957962
11.582710981369
11.100311040878
7.5017249584198
12.232914924622
7.4835121631622
5.933473110199
9.4331719875336
5.4009099006653
11.600353002548
10.999088048935
8.2493660449982
10.168054819107
6.2175049781799
6.4499859809875
9.1675338745117
5.1342120170593
10.167382001877
6.3837368488312
7.6678152084351
6.0319440364838
10.335077047348
9.7503809928894
7.4331769943237
7.5008800029755
10.183798074722
7.4341199398041
7.0832438468933
6.0672409534454
10.316323041916
10.300657987595
8.316929101944
7.1849558353424
10.167443990707
6.5007860660553
7.2498068809509
8.5838820934296
6.4662621021271
7.2666301727295
12.216031074524
10.217443943024
9.6838898658752
9.7496931552887
8.1333150863647
9.4334177970886
5.5332419872284
8.9499530792236
5.6523470878601
7.4182159900665
6.566929101944
6.617623090744
9.1682169437408
8.3658170700073
6.3832318782806
11.234127998352
10.218067169189
9.8843369483948
7.3343579769135
7.4502711296082
7.2651579380035
7.817281961441
5.4999258518219
12.767139911652
8.6674280166626
7.582123041153
6.8336651325226
11.433109998703
11.199985980988
7.9502120018005
5.7336251735687
11.018887042999
9.9997699260712
9.8158900737762
8.1839799880981
6.4337899684906
6.6003460884094
6.3503229618073
6.6669981479645
7.9672629833221
5.648934841156
7.5996580123901
8.16734790802
5.3505930900574
8.2676358222961
7.9499599933624
12.45027089119
11.583555936813
10.201537847519
12.000000953674
9.6833028793335
6.2337810993195
9.3520159721375
11.216727972031
10.566879987717
8.4668548107147
13.217186927795
8.9335589408875
8.8999011516571
7.417072057724
6.1671109199524
11.217189073563
8.4670219421387
7.8672771453857
6.7168509960175
7.3338561058044
11.817296981812
8.8172810077667
10.650146007538
11.385447025299
10.16712808609
10.199913024902
10.067532062531
7.2341449260712
8.6501388549805
10.167038202286
10.1329870224
6.0489830970764
7.2507269382477
7.333643913269
9.3840601444244
115.88442111015
107.86699509621
6.3504610061646
67.817956924438
120.58446598053
6.7337760925293
6.4839420318604
11.818172931671
53.835029840469
7.0835649967194
7.1831090450287
58.433727025986
118.76840496063
115.21792387962
124.83504199982
7.9682669639587
46.267393112183
57.31748509407
117.10224103928
55.783674001694
51.917119026184
8.9168360233307
42.085274934769
12.25040602684
55.085787057877
7.5005798339844
54.250134944916
51.550570964813
57.101088047028
8.2167909145355
52.385408878326
54.334134101868
27.800443887711
41.500013828278
56.799266815186
51.517591953278
22.350984811783
130.5830271244
119.68410205841
43.567410945892
109.18484091759
52.284330129623
50.967206954956
56.632448911667
40.666141986847
108.53426194191
30.683617115021
123.93492889404
54.416531085968
106.90111899376
41.017050027847
43.567592859268
41.349587202072
34.666773080826
23.284142017365
70.001108884811
58.067225933075
55.284981012344
42.667495965958
56.915811061859
93.300987005234
40.634083032608
42.217602968216
29.533340215683
35.68364906311
20.034228086472
42.116442203522
55.700569868088
19.550181865692
56.834802865982
56.284807920456
43.683038949966
49.200898885727
37.000769138336
44.117120027542
56.133527994156
52.900506019592
60.35005903244
40.749158143997
32.849812030792
54.433874130249
70.26812505722
56.301172018051
71.834724187851
68.600681781769
18.417188882828
22.833653926849
57.000715017319
53.966959953308
16.583453893661
45.267110109329
24.116521835327
46.050790071487
58.867406129837
62.41771697998
33.733389139175
66.750784158707
62.467130899429
72.817530155182
61.350602149963
64.03431391716
47.750694036484
62.26710486412
62.300582885742
60.367359161377
59.899727106094
65.566691160202
64.867707014084
64.18408203125
7.9997980594635
63.033012151718
6.833790063858
55.850598096848
55.732677936554
55.550928115845
53.200680971146
49.516322135925
42.033966064453
62.217868089676
62.31797504425
41.085296154022
62.317807912827
61.917149066925
61.051710128784
66.950623989105
65.800091028214
66.433452129364
64.984181880951
64.217622041702
67.300657987595
67.034931182861
65.634252071381
64.700982093811
64.683471918106
57.484865903854
69.684243917465
64.250832796097
64.301695108414
66.61814904213
65.800203084946
65.70140504837
66.584056138992
53.017434120178
68.034170866013
65.284451961517
64.867857933044
67.683231830597
62.733746051788
64.484682798386
62.21718788147
65.467695951462
65.001307010651
65.951519966125
65.833526849747
62.284394025803
60.900621891022
61.867294073105
61.251066207886
53.89988899231
64.217291116714
64.784092187881
56.183919906616
52.433546066284
51.95006108284
50.483880996704
63.133749008179
56.783519983292
48.934727907181
45.633876085281
56.500341892242
56.583978891373
67.867259025574
53.851031064987
62.850707054138
40.350691080093
37.601458072662
67.733382940292
37.43394613266
62.834776878357
51.318429946899
51.300989866257
67.399348020554
62.800981998444
46.333909988403
52.917504072189
61.467590808868
50.601057052612
67.118442058563
40.833666801453
40.600442171097
45.900578022003
41.534179925919
22.100695133209
67.683278083801
52.265826940536
67.317394971848
13.367097854614
67.23444890976
65.71794295311
66.833796977997
63.567382097244
60.417320013046
59.516710996628
59.000402927399
41.017365932465
67.684118032455
40.984736919403
67.75084900856
61.000789880753
60.167787075043
45.983759880066
40.266976118088
60.166975021362
57.967400789261
33.684293985367
58.117374897003
32.849694013596
28.583786010742
59.883553981781
50.817106962204
59.617104053497
23.216981172562
30.300435066223
67.48362493515
49.050397872925
58.215172052383
14.667281150818
47.150815963745
13.049517869949
11.966742038727
57.484125137329
43.449351072311
53.950469017029
53.650900840759
62.13515996933
59.783791065216
56.834573984146
55.851052999496
36.784463882446
51.683897972107
53.633933782578
54.033739089966
52.950640916824
43.751432180405
49.41614818573
31.532060861588
24.433548927307
48.134119987488
48.384174108505
19.6351749897
48.734392881393
51.584995031357
48.78276515007
31.034061908722
40.967217922211
43.767369031906
38.20018196106
27.750693798065
16.332402944565
14.650369167328
44.284507989883
43.53445315361
41.782361030579
13.634037017822
16.034418106079
38.050913095474
40.517862081528
54.600869178772
48.134464979172
67.267442941666
38.218158006668
57.333834886551
43.817795991898
36.333565950394
33.983783006668
35.566455841064
56.516891956329
32.766947984695
17.483819961548
17.167535066605
38.267004013062
25.200459957123
38.466218948364
16.600723028183
42.733901977539
37.433794975281
18.466824054718
14.100312948227
34.083474874496
33.583143949509
29.083815097809
27.533633947372
17.96745800972
15.333697080612
17.067088127136
14.216677904129
19.050626993179
18.434521198273
18.250068187714
18.183256149292
16.283631086349
11.849943876266
18.000507831573
10.089056015015
8.2036149501801
18.367533922195
16.867868900299
