---- New test begins5.9409399032593
6.6700210571289
6.4727640151978
6.7393319606781
7.6227910518646
8.572674036026
9.7056090831757
11.771027088165
11.390798807144
11.806578874588
6.285502910614
7.250391960144
8.067528963089
7.6679978370667
8.6839978694916
5.9494879245758
7.3530249595642
9.034716129303
7.0003249645233
11.801396846771
6.350200176239
5.6164610385895
6.3508031368256
10.468055963516
5.6009380817413
8.9176921844482
11.182991027832
7.499902009964
6.7981328964233
9.5706689357758
10.33336186409
10.267216920853
6.2168941497803
7.6357460021973
10.332859992981
7.4514729976654
10.000380039215
8.0498490333557
6.8872699737549
6.0502710342407
5.8984560966492
13.217720985413
7.7668039798737
6.5830130577087
12.033064842224
10.016716003418
7.7002460956573
11.783339977264
6.1833879947662
6.6019690036774
6.4667811393738
7.1002340316772
13.218563079834
7.6001601219177
7.250018119812
7.4199230670929
7.6000959873199
7.7677681446075
5.7361528873444
9.4153099060059
10.499569177628
10.449823856354
7.3330938816071
8.566330909729
5.5002481937408
8.5659229755402
5.9502329826355
11.999656200409
10.01658987999
10.165503025055
7.5812768936157
7.6685621738434
5.4996190071106
8.6819109916687
9.033035993576
9.0329420566559
8.2511560916901
9.4347097873688
8.7993969917297
11.798721075058
9.5832560062408
9.0327470302582
8.6996698379517
7.5827641487122
7.2009320259094
7.2000861167908
6.8005340099335
5.8994519710541
10.316223859787
10.350323915482
10.049580097198
8.2504022121429
10.049211025238
6.6669900417328
8.3667449951172
6.750344991684
6.8173141479492
12.9644780159
12.716694116592
12.049179077148
7.7338302135468
8.7169480323792
5.7357490062714
5.6336669921875
7.0835719108582
12.234532117844
6.1179587841034
9.8513000011444
8.88267993927
5.9992349147797
8.4684798717499
6.8000779151917
5.8833258152008
9.567421913147
12.034138917923
10.284081935883
7.1841149330139
11.366938114166
7.5000479221344
9.7337307929993
10.467308998108
10.481945037842
10.46843791008
10.183007955551
11.635212898254
11.516978979111
10.200055122375
52.09997010231
29.116784095764
29.283831119537
60.307278156281
60.555342197418
52.934300899506
49.816627979279
44.784723043442
34.533601999283
31.302359104156
54.367841959
23.333933115005
53.567539930344
14.416795969009
44.899916887283
12.73390007019
12.716861009598
52.3336789608
63.489240884781
32.766155004501
56.100896120071
12.518289089203
24.266032934189
12.449739217758
21.317086219788
10.933405160904
8.4160330295563
64.139700889587
46.417235851288
64.440559148788
41.566270112991
39.116425991058
37.116241931915
35.283849954605
34.86615896225
32.683741807938
10.451793193817
49.599877119064
29.167335033417
8.9856779575348
30.350279092789
17.650974035263
17.250578165054
42.416851997375
41.233726024628
12.517408847809
9.500244140625
57.235090970993
54.501758098602
29.650995969772
37.501426935196
29.599550962448
37.431921005249
37.449862003326
28.851943969727
26.351910829544
32.134034872055
22.634423017502
21.833343029022
20.717993021011
22.502466917038
23.899327993393
18.384364128113
19.968728065491
9.5680739879608
19.217998981476
34.832464933395
18.917808055878
14.618165969849
29.384698867798
18.052978992462
27.600889921188
23.851691007614
6.2183299064636
22.850600004196
20.999835968018
12.617827177048
19.868227005005
14.218149900436
9.3680310249329
7.4189140796661
11.200328111649
18.717205047607
16.634279966354
15.100025892258
6.9508829116821
14.650552034378
14.850224018097
14.883813142776
14.917622089386
12.78523516655
9.934417963028
17.717208862305
16.965176105499
14.917100906372
13.516410112381
10.816802024841
10.082334041595
9.5167179107666
8.3162760734558
8.2827229499817
15.784609079361
15.767996072769
15.869558095932
13.60093998909
11.699746847153
10.966814041138
10.767138004303
10.8502368927
17.951320886612
15.849483013153
16.867925167084
15.217372179031
15.183878183365
14.550310134888
15.534481048584
11.466953992844
9.6995329856873
20.216737985611
17.399677991867
11.483409881592
17.383349895477
11.415959119797
11.400311946869
12.165882110596
16.848789930344
11.415124177933
16.516905069351
16.467001914978
12.896843194962
16.048728942871
11.516591072083
13.166697025299
11.099963188171
16.067775964737
13.117551088333
12.051359891891
13.302016019821
13.117570877075
13.650591135025
13.61817407608
8.9316558837891
12.367856025696
15.534642934799
15.533686161041
16.065809011459
11.183336019516
12.167907953262
6.8172171115875
9.3001329898834
19.049287080765
19.000373125076
18.900887012482
15.049304962158
14.283918142319
10.85009098053
10.833482027054
10.115635871887
9.1346659660339
9.2171609401703
6.7346670627594
12.317363023758
10.202564001083
9.4340000152588
7.951681137085
19.866589069366
19.417230129242
10.181957006454
17.301597833633
---- New test begins6.0695180892944
6.9369261264801
7.4870660305023
7.419497013092
7.4367849826813
7.6031589508057
8.5702397823334
8.9527318477631
9.8532199859619
11.202693939209
5.5019960403442
6.1162660121918
8.2510471343994
5.8332788944244
7.3338711261749
9.7165138721466
8.3839099407196
8.4665338993073
10.850974082947
11.036947011948
10.100453138351
12.467489004135
12.116529941559
8.8331727981567
5.6499679088593
11.785924911499
12.965993881226
10.001770973206
7.4168829917908
7.434033870697
7.434061050415
6.0838229656219
6.3995909690857
8.2680480480194
5.9025208950043
5.900050163269
6.5332231521606
13.231909990311
10.099565982819
7.1836869716644
11.800378084183
9.3001458644867
8.0494220256805
9.6010148525238
8.1317021846771
6.0675430297852
6.3673248291016
6.3499271869659
6.7503390312195
9.8672258853912
6.9997990131378
7.0175359249115
7.2672798633575
6.6664810180664
6.2176530361176
8.1018800735474
8.8011109828949
8.6834161281586
9.3160750865936
12.232851028442
6.8002429008484
7.4992759227753
5.6835238933563
12.016541004181
8.3513557910919
9.1656229496002
8.0474448204041
9.7009780406952
6.4828629493713
9.863755941391
7.3312709331512
8.4664571285248
10.680560827255
6.9496719837189
10.466455936432
8.0662219524384
6.81711602211
10.849587917328
11.381787061691
6.7335500717163
5.7823579311371
12.46519613266
12.249507904053
11.466248989105
10.665433883667
6.1337389945984
7.7838699817657
5.7831180095673
12.967998981476
12.982864141464
12.966048955917
6.3668699264526
7.2667460441589
5.8834829330444
8.8018341064453
6.3493239879608
8.9160878658295
7.3328850269318
7.7830588817596
11.199739933014
9.2834270000458
6.4019181728363
8.1505589485168
7.8503649234772
9.2989239692688
8.9654791355133
6.6015450954437
9.7346630096436
10.835307121277
10.433290958405
9.100527048111
9.5670390129089
9.7169950008392
9.6670429706573
9.0353519916534
9.1662299633026
6.5326449871063
9.8836760520935
8.1490080356598
8.1167449951172
8.8168849945068
11.618082046509
10.067043781281
10.816395044327
9.5508179664612
11.801489114761
8.4690630435944
6.216943025589
5.6836340427399
6.6669788360596
8.4672651290894
11.598318099976
10.249300956726
9.0160531997681
9.1528840065002
12.217548131943
9.5674550533295
12.967782020569
9.485053062439
65.770101070404
66.906047105789
58.01806807518
49.285047054291
---- New test begins5.5072259902954
5.5409078598022
5.9408729076385
7.3413619995117
8.5738768577576
9.2953488826752
9.8430919647217
10.475452899933
10.507915973663
---- New test begins---- New test begins5.9511301517487
5.9515280723572
6.2336480617523
6.4171168804169
6.4673690795898
6.9676530361176
7.5896911621094
---- New test begins---- New test begins8.6382160186768
9.1885759830475
14.23749089241
---- New test begins6.2270920276642
6.6272678375244
6.7439980506897
7.0265889167786
7.5935230255127
---- New test begins7.7848160266876
8.5485229492188
8.3491508960724
8.6876389980316
9.1658251285553
9.7544651031494
9.437980890274
12.717303991318
5.8012928962708
5.6838619709015
5.9338891506195
6.0496678352356
7.0214331150055
6.0580599308014
7.6071858406067
7.6185247898102
6.5673379898071
6.4345860481262
---- New test begins4.6566700935364
5.3393540382385
6.8897919654846
7.1071801185608
7.1889691352844
7.5891959667206
8.0391471385956
8.256049156189
8.7886068820953
9.7234039306641
10.472674131393
7.2673799991608
7.8521070480347
5.90101313591
5.6865730285645
4.5531499385834
7.1891989707947
---- New test begins5.5335841178894
5.200325012207
6.0170221328735
6.7341639995575
7.5001091957092
8.1496579647064
8.1520190238953
8.8338248729706
8.8175339698792
12.004241943359
---- New test begins5.5509650707245
6.3493649959564
6.2992429733276
6.5540990829468
---- New test begins4.7679481506348
5.7893769741058
5.8058099746704
5.9055891036987
7.189227104187
7.4675529003143
7.9897480010986
8.5839469432831
9.0500931739807
5.6834530830383
12.621192932129
11.984560012817
5.5504059791565
15.371824026108
15.801032066345
16.284126996994
18.922410964966
