8.9333510398865
9.0166471004486
9.6163630485535
9.732969045639
10.750752210617
12.466798067093
10.087410926819
10.637218952179
12.037441968918
12.787270069122
17.104288101196
10.85012793541
8.6336190700531
8.4869771003723
12.170222997665
14.037906885147
18.037406921387
19.053863048553
15.782764196396
11.487095117569
14.43780207634
16.037836074829
11.4829890728
8.6336190700531
9.903578042984
10.103673219681
11.736559867859
18.370802164078
18.720324039459
8.6368460655212
11.353338003159
13.47006893158
13.636765003204
9.1004650592804
10.017245769501
11.734082937241
15.06671500206
11.886793851852
12.170163154602
16.283545970917
17.733674049377
11.733618974686
11.099624872208
12.783130884171
10.300193071365
11.483242988586
10.750388860703
11.617081165314
12.95051407814
15.333474874496
16.300014972687
8.6395270824432
14.222859859467
15.539407968521
17.722593069077
9.2005300521851
9.5383930206299
11.000438928604
19.072328805923
10.850247859955
9.0219039916992
10.620789051056
11.105107069016
11.485064029694
17.417143106461
8.49054479599
11.290735960007
11.676800966263
12.043864011765
11.760426044464
11.878283023834
12.027405023575
12.344115018845
12.342864990234
13.175825119019
13.217680931091
13.851363897324
14.618523836136
14.735719919205
14.300832986832
7.1843860149384
5.8993520736694
9.4343318939209
6.3656759262085
6.0001130104065
6.4343268871307
6.1670591831207
6.3521580696106
6.6833899021149
7.8675589561462
6.2186160087585
7.8689179420471
7.5007040500641
8.1857600212097
8.0521428585052
6.4673991203308
8.5833292007446
11.318905115128
8.2158930301666
8.5851428508759
8.5822010040283
7.5171990394592
8.683954000473
6.1687119007111
6.5836880207062
9.6676919460297
6.368045091629
10.434283018112
6.8849499225616
6.5504808425903
6.4012889862061
9.718239068985
9.4352440834045
10.401334047318
11.051326990128
11.250982999802
6.4002799987793
9.0514719486237
10.817451953888
11.399804115295
11.333938121796
9.8841872215271
5.9848890304565
7.3501749038696
15.651612043381
12.001909971237
6.149482011795
12.117803812027
10.468903064728
9.1852829456329
9.7520220279694
9.1684749126434
5.634251832962
6.9502398967743
9.3005650043488
10.685246944427
7.1002719402313
7.8022730350494
6.9337520599365
14.284569978714
5.8671448230743
14.268626928329
7.6028671264648
9.0522730350494
6.6194128990173
5.7346649169922
5.6695470809937
7.8025100231171
8.6517510414124
8.4018008708954
9.3347699642181
7.7503650188446
10.93398976326
12.069468021393
6.7338888645172
6.2179749011993
9.9826290607452
8.3327789306641
6.0666651725769
12.368366956711
6.2675218582153
6.8007850646973
7.3520340919495
7.0346240997314
7.0010559558868
6.4016940593719
6.1676261425018
8.7003870010376
8.6507771015167
7.3510420322418
6.8853650093079
6.734395980835
6.6181750297546
7.2173597812653
8.8671200275421
8.8020880222321
9.9520070552826
6.3187148571014
7.7841498851776
6.351870059967
6.4509689807892
6.4022631645203
6.7014961242676
7.6855990886688
7.9523589611053
6.5684838294983
7.2676208019257
5.933562040329
16.43522810936
8.6008088588715
6.3010759353638
11.168519020081
12.567180871964
17.551520109177
10.082998037338
11.768391132355
11.101585865021
8.2522649765015
8.2332940101624
7.9350678920746
8.8201529979706
8.7678239345551
7.6349980831146
8.0329658985138
6.6353290081024
8.2342579364777
9.7351920604706
8.2001099586487
11.918323993683
8.9175341129303
11.518675088882
6.7178452014923
8.9175839424133
8.1504571437836
6.3681240081787
10.886261940002
6.9350039958954
6.9016759395599
5.9176461696625
11.200757026672
8.4184420108795
8.319657087326
8.2521178722382
6.8183240890503
8.1347329616547
9.6687750816345
8.0506839752197
6.5009050369263
7.9015290737152
6.4690310955048
6.534637928009
6.6852760314941
6.4826729297638
6.7668068408966
10.017852067947
8.4518721103668
7.9333078861237
6.3850190639496
10.184329986572
9.8852081298828
6.8338971138
6.5180251598358
9.1677298545837
10.366149187088
13.900811910629
6.6503579616547
6.2829740047455
8.7680490016937
7.8356959819794
14.002762079239
7.2509899139404
9.0496871471405
7.1346390247345
10.267007112503
6.6663110256195
8.5837841033936
6.2494559288025
9.8513221740723
8.5338358879089
10.967423200607
6.2178690433502
7.4688198566437
6.1682000160217
9.1723170280457
9.3389530181885
12.691680908203
13.089930057526
9.2676079273224
9.3502199649811
9.5345997810364
13.833791971207
15.083522081375
8.6336488723755
12.951021194458
17.717368841171
12.016903877258
8.5002589225769
9.2672340869904
17.150563955307
9.5171599388123
8.8670630455017
14.450585842133
17.717086076736
12.85104393959
14.652307033539
8.984011888504
10.850812911987
18.050929069519
12.7841360569
10.851068019867
13.299884080887
9.6176989078522
9.3672549724579
11.101777076721
18.36914396286
13.835668802261
17.718575000763
70.886168003082
70.919106006622
70.968995809555
71.319380044937
37.902489900589
21.752116918564
71.802504777908
72.25275015831
44.202201128006
71.985564947128
72.019210100174
72.952441930771
44.001724004745
26.151539802551
52.952316999435
19.935266971588
33.818470001221
10.517804145813
73.318909883499
23.868908882141
26.351720809937
73.385996103287
9.5007228851318
6.7673609256744
21.218255996704
25.534989833832
44.08548283577
24.185432910919
19.552062034607
40.91855597496
23.335649967194
13.368474006653
11.501497030258
33.502602100372
7.8506510257721
24.485570907593
8.2508981227875
33.918632984161
24.485316991806
27.318758964539
20.984819173813
10.283569097519
20.451658010483
8.8334829807281
27.768801212311
11.319223165512
74.372877120972
43.72260093689
27.852878093719
35.386267900467
21.8686439991
47.785027980804
60.118766069412
9.5005221366882
21.352394104004
73.886116981506
24.535887002945
55.087087154388
35.434807062149
14.502548217773
45.069609880447
28.236662864685
21.569572210312
27.569514036179
23.86955499649
15.832040071487
14.784925937653
6.4685010910034
9.1695470809937
8.3524088859558
25.103082895279
12.068215847015
9.0677509307861
10.685162067413
10.300984144211
5.7340798377991
5.9852600097656
5.7343919277191
6.6017310619354
5.5338017940521
5.9517409801483
5.6014380455017
6.6683650016785
10.634351968765
9.2350609302521
8.3009309768677
8.5845398902893
7.9513459205627
9.5674719810486
9.6010270118713
7.2347650527954
7.0975570678711
10.001439094543
7.1678171157837
6.0001859664917
8.9187161922455
7.9681808948517
7.9515619277954
7.9502799510956
7.5660028457642
8.0683600902557
7.1678080558777
7.9510250091553
7.8678441047668
7.7341759204865
7.5511541366577
12.700767040253
7.4994540214539
10.650887012482
10.585014104843
11.067869901657
9.4360880851746
9.535138130188
10.501569032669
10.317633867264
8.9515888690948
9.1847579479218
9.0179328918457
9.4342069625854
8.58527302742
9.2520868778229
8.6171391010284
8.8680648803711
8.3844089508057
7.9669678211212
8.2338259220123
8.0822432041168
7.9508838653564
10.983923912048
8.8167309761047
9.8656561374664
8.3492860794067
9.0516238212585
8.667279958725
9.6167540550232
8.6675550937653
9.5684678554535
8.650749206543
9.33504986763
8.3501257896423
9.0502579212189
9.1842639446259
9.0672719478607
10.168401956558
9.033928155899
8.4677000045776
8.5840559005737
8.6002449989319
8.3511509895325
12.01837515831
12.051526069641
12.034711122513
11.234157085419
11.118052959442
10.968121051788
10.683892965317
10.902166843414
9.4501669406891
9.3669631481171
10.501055955887
10.384069919586
10.435727119446
10.400781869888
10.367336988449
10.299628019333
9.9324560165405
9.8001430034637
10.166949033737
9.4671158790588
11.368512868881
11.251873016357
9.7002398967743
10.684319972992
10.00027513504
9.6345250606537
10.817085981369
11.016700983047
11.383648872375
10.800405025482
10.751633882523
11.168020963669
10.85072517395
10.169252872467
10.084687948227
10.735157966614
10.06721496582
12.367327928543
