---- New test begins11.751234769821
12.039344072342
14.656163930893
18.735046863556
10.404047012329
10.626965045929
10.760163068771
11.875657081604
10.626352071762
10.212125062943
9.2576379776001
8.6490519046783
9.359265089035
15.542523145676
17.119551181793
763.6777381897
780.13319897652
17.124868869781
18.024784088135
720.96052503586
827.97078108788
788.541659832
788.09253191948
46.972665071487
828.54933094978
763.70166087151
47.671670913696
830.25458192825
818.3820810318
810.31689977646
6.4205319881439
11.816488981247
12.449944972992
15.066395998001
18.384590148926
18.500608921051
11.566258907318
10.884481906891
9.5010800361633
15.870362043381
19.837151050568
19.05507683754
12.235006809235
19.819477081299
23.585966110229
8.6994187831879
9.9169960021973
13.480426073074
11.350960016251
15.784132003784
6.7341649532318
7.2491178512573
14.234163999557
12.69926905632
11.884418964386
8.9349019527435
8.7846829891205
14.434273958206
13.30014705658
---- New test begins8.7236840724945
8.7992107868195
9.2744481563568
9.4565541744232
12.199890136719
12.608850955963
12.60910320282
12.631634950638
6.9533948898315
7.0867438316345
8.5000369548798
17.803589820862
14.536548137665
18.838459014893
---- New test begins---- New test begins6.7867450714111
6.8203029632568
6.9050710201263
7.1364839076996
7.8367829322815
7.9035098552704
9.5873680114746
10.469572067261
11.036228895187
12.233560085297
5.8315961360931
6.1815979480743
6.532840013504
7.7832911014557
7.5151751041412
8.2495229244232
9.7145879268646
12.049569129944
20.735332965851
21.552109956741
22.068099021912
14.100081920624
13.366321086884
22.735751867294
14.79768705368
23.235507965088
15.283170938492
17.234311819077
8.4199190139771
7.7173979282379
17.10014295578
12.085260868073
8.8679509162903
7.7188448905945
11.752026796341
5.9510781764984
9.7362010478973
14.802969932556
19.548670053482
7.9511740207672
17.703450918198
16.737941980362
17.769600152969
23.235455989838
16.753217935562
9.035413980484
22.654230117798
20.784883022308
14.770359039307
11.202847003937
10.00204205513
11.218864917755
11.08606505394
9.9517941474915
5.6335279941559
6.1665139198303
11.816930055618
12.70059800148
6.714280128479
12.951586008072
7.6821069717407
23.499351024628
17.267587900162
23.252191066742
13.215346813202
21.133867025375
24.203053951263
31.050400018692
25.987282037735
22.433174133301
8.6824569702148
8.9495289325714
8.8332691192627
9.9997570514679
---- New test begins13.970085144043
13.986584186554
14.167882919312
14.521051168442
14.619846105576
14.919756889343
14.935918092728
15.370416879654
15.138591051102
15.670213222504
17.036982059479
---- New test begins13.691195011139
14.37541103363
14.259696006775
14.391217947006
15.092803001404
14.776215791702
15.574945926666
15.125649929047
15.175930023193
---- New test begins8.4875440597534
9.1891300678253
9.640410900116
13.65252494812
13.83579993248
14.792171955109
14.609571933746
15.185367107391
15.269093036652
